DATE	      CLOSE
20190102	15.2
20190103	15.1
20190104	15.1
20190107	15.5
20190108	15.55
20190109	15.7
20190110	15.7
20190111	15.85
20190114	15.8
20190115	16.15
20190116	16.25
20190117	16.35
20190118	16.3
20190121	16.5
20190122	16.5
20190123	16.55
20190124	16.8
20190125	16.75
20190128	16.95
20190129	16.95
20190130	17
20190211	16.85
20190212	17
20190213	17.05
20190214	17.1
20190215	16.85
20190218	17.15
20190219	17.05
20190220	17.15
20190221	17.1
20190222	17.35
20190225	17.4
20190226	17.4
20190227	17.45
20190304	17.2
20190305	17.45
20190306	17.5
20190307	17.6
20190308	17.4
20190311	17.45
20190312	17.65
20190313	17.9
20190314	17.7
20190315	17.85
20190318	17.7
20190319	17.45
20190320	17.65
20190321	17.65
20190322	17.55
20190325	17.5
20190326	17.55
20190327	17.55
20190328	17.35
20190329	17.55
20190401	17.55
20190402	17.6
20190403	17.45
20190408	17.65
20190409	17.8
20190410	17.65
20190411	17.75
20190412	17.75
20190415	17.75
20190416	17.9
20190417	17.9
20190418	17.85
20190419	17.75
20190422	17.7
20190423	17.85
20190424	17.9
20190425	17.8
20190426	17.85
20190429	17.8
20190430	17.9
20190502	17.75
20190503	18
20190506	17.8
20190507	18
20190508	17.8
20190509	17.55
20190510	17.6
20190513	17.45
20190514	17.25
20190515	17.35
20190516	17.3
20190517	17.3
20190520	17.4
20190521	17.45
20190522	17.5
20190523	17.5
20190524	17.5
20190527	17.4
20190528	17.3
20190529	17.5
20190530	17.6
20190531	17.75
20190603	17.95
20190604	17.75
20190605	17.9
20190606	18.05
20190610	18.1
20190611	18.05
20190612	17.95
20190613	17.85
20190614	17.85
20190617	18.05
20190618	18.1
20190619	18.6
20190620	18.85
20190621	18.9
20190624	18.9
20190625	18.7
20190626	18.8
20190627	18.85
20190628	18.65
20190701	18.95
20190702	17.85
20190703	17.75
20190704	17.95
20190705	18
20190708	17.75
20190709	17.9
20190710	18
20190711	18
20190712	18.05
20190715	18.05
20190716	17.6
20190717	17.7
20190718	17.65
20190719	17.6
20190722	17.6
20190723	17.6
20190724	17.6
20190725	17.45
20190726	17.35
20190729	17.75
20190730	17.75
20190731	17.5
20190801	17.35
20190802	17.05
20190805	17.05
20190806	16.85
20190807	17
20190808	17.2
20190812	17.55
20190813	17.15
20190814	17.25
20190815	17.4
20190816	17.6
20190819	18
20190820	18.5
20190821	18.4
20190822	18.5
20190823	18.5
20190826	18.25
20190827	18
20190828	18.1
20190829	17.95
20190830	18.05
20190902	18.3
20190903	18.15
20190904	18
20190905	18.45
20190906	18.65
20190909	19
20190910	19.15
20190911	19.1
20190912	19.1
20190916	19.1
20190917	19
20190918	19.15
20190919	19
20190920	18.7
20190923	18.85
20190924	18.75
20190925	18.7
20190926	18.7
20190927	18.5
20191001	18.6
20191002	18.55
20191003	18.15
20191004	18.25
20191007	18.35
20191008	18.4
20191009	18.05
20191014	18.65
20191015	18.7
20191016	18.75
20191017	18.7
20191018	18.8
20191021	18.9
20191022	19
20191023	18.85
20191024	19
20191025	19
20191028	18.95
20191029	19
20191030	19.1
20191031	19.05
20191101	19.05
20191104	19.3
20191105	19.6
20191106	19.95
20191107	19.95
20191108	19.9
20191111	19.9
20191112	19.9
20191113	19.8
20191114	19.8
20191115	19.85
20191118	20
20191119	19.85
20191120	20
20191121	19.75
20191122	19.8
20191125	19.9
20191126	19.85
20191127	20.05
20191128	20
20191129	19.75
20191202	19.75
20191203	19.9
20191204	19.95
20191205	19.65
20191206	19.9
20191209	19.9
20191210	19.85
20191211	19.95
20191212	19.85
20191213	20.25
20191216	20.05
20191217	20.15
20191218	20.15
20191219	20.05
20191220	20.35
20191223	20.35
20191224	20.3
20191225	20.25
20191226	20.3
20191227	20.45
20191230	20.4
20191231	20.2
20200102	20.2
20200103	20.25
20200106	19.95
20200107	19.9
20200108	19.8
20200109	20
20200110	20.1
20200113	20.2
20200114	20.35
20200115	20.4
20200116	20.4
20200117	20.5
20200120	20.65
20200130	19.35
20200131	19.7
20200203	19.8
20200204	20.05
20200205	20.2
20200206	20.25
20200207	20.3
20200210	20.4
20200211	20.3
20200212	20.05
20200213	20.15
20200214	20.15
20200217	20.15
20200218	20.2
20200219	20.3
20200220	20.3
20200221	20.25
20200224	19.85
20200225	19.75
20200226	19.5
20200227	19.2
20200302	18.95
20200303	19.2
20200304	19.3
20200305	19.5
20200306	19.05
20200309	18.4
20200310	18.5
20200311	18.25
20200312	17.5
20200313	17.4
20200316	16.45
20200317	15.6
20200318	15.55
20200319	14
20200320	15.25
20200323	14.2
20200324	15.2
20200325	15.75
20200326	15.6
20200327	16
20200330	15.6
20200331	15.55
20200401	15.3
20200406	15.5
20200407	15.65
20200408	15.7
20200409	15.9
20200410	16.3
20200413	16.05
20200414	16.7
20200415	17.2
20200416	16.8
20200417	16.85
20200420	16.75
20200421	16.1
20200422	16
20200423	16.15
20200424	16.1
20200427	16.4
20200428	16.4
20200429	16.75
20200430	17.1
20200504	16.5
20200505	16.55
20200506	16.35
20200507	16.4
20200508	16.4
20200511	16.7
20200512	16.5
20200513	16.65
20200514	16.3
20200515	16.25
20200518	16.2
20200519	16.25
20200520	16.2
20200521	16.4
20200522	16.15
20200525	16.3
20200526	16.6
20200527	16.65
20200528	16.5
20200529	16.25
20200601	16.65
20200602	17
20200603	17.35
20200604	17.35
20200605	17.5
20200608	18.05
20200609	18.15
20200610	18.5
20200611	18.05
20200612	17.85
20200615	17.95
20200616	18.3
20200617	18.5
20200618	18.35
20200619	18.15
20200622	18.2
20200623	18.2
20200624	18.4
20200629	17.45
20200630	17.45
20200701	17.6
20200702	17.65
20200703	17.9
20200706	18
20200707	18.15
20200708	18.1
20200709	18.1
20200710	17.9
20200713	18.3
20200714	18.35
20200715	18.4
20200716	18.4
20200717	18.3
20200720	18.15
20200721	18.15
20200722	18.3
20200723	18.2
20200724	18
20200727	17.8
20200728	17.9
20200729	18.3
20200730	18.35
20200731	18
20200803	17.95
20200804	18.2
20200805	18.25
20200806	18.65
20200807	18.7
20200810	19.15
20200811	19.15
20200812	19.05
20200813	19.1
20200814	19.1
20200817	18.8
20200818	18.75
20200819	18.85
20200820	18.45
20200821	18.6
20200824	18.45
20200825	18.45
20200826	18.4
20200827	18.3
20200828	18.3
20200831	18.4
20200901	18.3
20200902	18.3
20200903	18.4
20200904	18.2
20200907	18.25
20200908	18.3
20200909	18.2
20200910	18.3
20200911	18.3
20200914	18.25
20200915	18.25
20200916	18.35
20200917	18.3
20200918	18.3
20200921	18
20200922	17.75
20200923	17.7
20200924	17.15
20200925	17.3
20200928	17.7
20200929	17.65
20200930	17.8
20201005	17.85
20201006	18.2
20201007	18
20201008	18.2
20201012	18.2
20201013	18.1
20201014	18.15
20201015	18
20201016	17.9
20201019	17.8
20201020	17.85
20201021	17.85
20201022	18.1
20201023	17.95
20201026	18.05
20201027	18
20201028	17.9
20201029	17.65
20201030	17.75
20201102	18
20201103	18.1
20201104	18.15
20201105	18.25
20201106	18.3
20201109	18.35
20201110	18.6
20201111	19.05
20201112	18.6
20201113	18.5
20201116	18.8
20201117	18.9
20201118	19.05
20201119	18.95
20201120	19.05
20201123	19.4
20201124	19.4
20201125	19.25
20201126	19.25
20201127	19.3
20201130	19.1
20201201	19.35
20201202	19.4
20201203	19.35
20201204	19.4
20201207	19.3
20201208	19.35
20201209	19.45
20201210	19.4
20201211	19.8
20201214	19.85
20201215	19.5
20201216	19.8
20201217	19.65
20201218	19.55
20201221	19.9
20201222	19.65
20201223	19.55
20201224	19.75
20201225	19.7
20201228	19.8
20201229	19.95
20201230	20.4
20201231	20.55
20210104	20.45
20210105	20.55
20210106	20.65
20210107	21
20210108	21.35
20210111	21.9
20210112	21.25
20210113	21.4
20210114	21.2
20210115	21
20210118	21
20210119	21.3
20210120	20.65
20210121	21
20210122	20.75
20210125	20.85
20210126	20.7
20210127	20.65
20210128	20.3
20210129	19.9
20210201	20.2
20210202	20.65
20210203	20.85
20210204	20.75
20210205	21
20210217	21.4
20210218	21.4
20210219	21.3
20210222	21.3
20210223	21.65
20210224	21.6
20210225	22
20210226	21.25
20210302	21.05
20210303	21.4
20210304	21.15
20210305	21.2
20210308	21.15
20210309	21.65
20210310	21.85
20210311	21.85
20210312	21.9
20210315	21.9
20210316	21.9
20210317	21.8
20210318	21.9
20210319	21.65
20210322	21.75
20210323	21.9
20210324	22.15
20210325	22.3
20210326	22.25
20210329	22.35
20210330	22.65
20210331	22.5
20210401	22.4
20210406	22.5
20210407	22.6
20210408	22.7
20210409	23
20210412	23.35
20210413	23.15
20210414	23.3
20210415	24
20210416	24.75
20210419	26.1
20210420	26
20210421	25.7
20210422	25.95
20210423	25.9
20210426	26.5
20210427	26.35
20210428	26.1
20210429	26
20210503	25.5
20210504	25.05
20210505	25.3
20210506	25.7
20210507	25.9
20210510	26.7
20210511	26
20210512	24.5
20210513	23.9
20210514	24.3
20210517	23.15
20210518	24.45
20210519	24.35
20210520	24.45
20210521	24.65
20210524	25
20210525	25.05
20210526	25.15
20210527	25.2
20210528	25.6
20210531	25.6
20210601	25.7
20210602	25.95
20210603	26
20210604	25.8
20210607	25.5
20210608	25.85
20210609	25.5
20210610	25.5
20210611	25.5
20210615	25.4
20210616	25.4
20210617	25.45
20210618	25.2
20210621	25.05
20210622	25.35
20210623	25.45
20210624	26.05
20210625	26.45
20210628	26.4
20210629	26.4
20210630	26.85
20210701	26.65
20210702	26.5
20210705	27.1
20210706	27.5
20210707	27
20210708	27.15
20210709	25.55
20210712	25.5
20210713	25.4
20210714	25.35
20210715	25.45
20210716	25.9
20210719	25.8
20210720	25.55
20210721	25.4
20210722	25.55
20210723	25.7
20210726	25.3
20210727	25.2
20210728	25.05
20210729	25.35
20210730	25.4
20210802	25.65
20210803	25.8
20210804	25.85
20210805	25.95
20210806	25.7
20210809	25.8
20210810	25.6
20210811	24.25
20210812	24.4
20210813	23.7
20210816	24.05
20210817	23.7
20210818	23.9
20210819	23.35
20210820	23.65
20210823	24.15
20210824	24.45
20210825	24.5
20210826	24.3
20210827	24.6
20210830	25
20210831	25
20210901	24.9
20210902	24.5
20210903	24.7
20210906	24.5
20210907	24.3
20210908	24.65
20210909	24.6
20210910	24.75
20210913	24.95
20210914	25.1
20210915	25.1
20210916	25.05
20210917	24.75
20210922	24.3
20210923	24.8
20210924	24.65
20210927	24.8
20210928	24.6
20210929	24.4
20210930	24.7
20211001	24.2
20211004	24.2
20211005	24.05
20211006	24.45
20211007	24.55
20211008	24.45
20211012	24.5
20211013	24.4
20211014	24.2
20211015	24.7
20211018	24.95
20211019	24.75
20211020	24.8
20211021	25
20211022	24.7
20211025	24.6
20211026	24.95
20211027	24.9
20211028	24.85
20211029	24.7
20211101	24.55
20211102	24.35
20211103	24.5
20211104	24.5
20211105	24.65
20211108	24.7
20211109	24.2
20211110	24.45
20211111	24.35
20211112	24.5
20211115	24.75
20211116	24.85
20211117	25.15
20211118	25.1
20211119	25.05
20211122	25
20211123	24.75
20211124	24.9
20211125	24.9
20211126	24.45
20211129	24.3
20211130	23.7
20211201	24.35
20211202	24.55
20211203	24.75
20211206	24.9
20211207	24.95
20211208	25.05
20211209	25
20211210	24.95
20211213	25
20211214	24.7
20211215	24.7
20211216	24.85
20211217	25.05
20211220	24.65
20211221	24.75
20211222	24.8
20211223	24.95
20211224	25
20211227	25
20211228	25.05
20211229	25.3
20211230	25.3
20220103	25.2
20220104	25.4
20220105	25.25
20220106	25.4
20220107	25.75
20220110	25.5
20220111	25.85
20220112	25.9
20220113	26.3
20220114	25.9
20220117	25.85
20220118	25.8
20220119	25.7
20220120	25.85
20220121	25.35
20220124	25.2
20220125	25.15
20220126	25.25
20220207	25.5
20220208	25.8
20220209	25.9
20220210	25.85
20220211	25.6
20220214	25.45
20220215	25.2
20220216	25.35
20220217	25.4
20220218	25.4
20220221	25.5
20220222	25.35
20220223	25.2
20220224	24.85
20220225	24.85
20220301	25.25
20220302	25.4
20220303	25.5
20220304	25.05
20220307	24.5
20220308	24.2
20220309	24.2
20220310	24.8
20220311	24.75
20220314	24.85
20220315	24.65
20220316	25.6
20220317	26
20220318	26.25
20220321	26.1
20220322	26
20220323	26.1
20220324	26
20220325	25.75
20220328	25.9
20220329	26.05
20220330	26.2
20220331	26.4
20220401	26.6
20220406	27.2
20220407	26.7
20220408	26.85
20220411	26.8
20220412	26.75
20220413	26.95
20220414	26.55
20220415	26.6
20220418	26.35
20220419	26.15
20220420	26.3
20220421	26.55
20220422	26.65
20220425	26.25
20220426	26.15
20220427	25.75
20220428	26
20220429	26.15
20220503	25.9
20220504	26
20220505	25.9
20220506	25.6
20220509	25
20220510	24.75
20220511	24.45
20220512	23.65
20220513	23.85
20220516	24
20220517	23.75
20220518	24.05
20220519	23.35
20220520	23.45
20220523	23.9
20220524	23.3
20220525	23.05
20220526	22.9
20220527	23.15
20220530	23.9
20220531	24.35
20220601	23.7
20220602	23.5
20220606	23.35
20220607	23.4
20220608	23.45
20220609	23.4
20220610	23.45
20220613	23.1
20220614	23.1
20220615	23.05
20220616	23.1
20220617	22.9
20220620	22.8
20220621	23.5
20220622	23.1
20220623	23.1
20220624	23.45
20220627	23.3
20220628	20.9
20220629	20.25
20220630	19.7
20220701	19.6
20220704	19.65
20220705	20.1
20220706	19.4
20220707	19.85
20220708	19.8
20220711	19.5
20220712	19.1
20220713	19.75
20220714	19.55
20220715	18.8
20220718	19.15
20220719	19.2
20220720	19.25
20220721	19.4
20220722	19.7
20220725	19.85
20220726	19.9
20220727	19.95
20220728	20.1
20220729	20
20220801	20.3
20220802	20.15
20220803	20.15
20220804	20.2
20220805	20.7
20220808	20.8
20220809	20.65
20220810	20.75
20220811	21.2
20220812	20.55
20220815	20.7
20220816	20.9
20220817	21
20220818	20.8
20220819	20.8
20220822	20.6
20220823	20.2
20220824	20.25
20220825	20.35
20220826	20.4
20220829	20.15
20220830	20.2
20220831	20.3
20220901	20.05
20220902	20
20220905	20.3
20220906	20.85
20220907	20.35
20220908	20.6
20220912	20.9
20220913	20.6
20220914	20.2
20220915	20.25
20220916	20.1
20220919	20.15
20220920	20.5
20220921	20.25
20220922	20.05
20220923	20.15
20220926	19.9
20220927	19.85
20220928	19.55
20220929	19.7
20220930	19.55
20221003	19.3
20221004	19.35
20221005	19.55
20221006	19.7
20221007	19.5
20221011	19.1
20221012	19.35
20221013	19.05
20221014	19.1
20221017	19.1
20221018	19.2
20221019	19
20221020	19.05
20221021	19.45
20221024	19.55
20221025	19.55
20221026	19.75
20221027	19.7
20221028	19.6
20221031	19.7
20221101	20.05
20221102	20.2
20221103	20.05
20221104	20.05
20221107	20.2
20221108	20.3
20221109	20.5
20221110	20.4
20221111	21.2
20221114	21.2
20221115	21.45
20221116	21.25
20221117	21.2
20221118	20.9
20221121	21.1
20221122	21.6
20221123	22.1
20221124	22.3
20221125	22.05
20221128	22.25
20221129	22.5
20221130	22.6
20221201	22.6
20221202	22.45
20221205	22.6
20221206	22.5
20221207	22.6
20221208	22.3
20221209	22.4
20221212	22.4
20221213	22.1
20221214	22.3
20221215	22.45
20221216	22.15
20221219	22.1
20221220	21.8
20221221	21.8
20221222	22
20221223	21.8
20221226	21.9
20221227	21.95
20221228	21.95
20221229	21.65
20221230	21.7
20230103	21.65
20230104	21.8
20230105	21.95
20230106	21.9
20230109	22.5
20230110	22.6
20230111	22.45
20230112	22.55
20230113	22.5
20230116	22.7
20230117	22.7
20230130	23.05
20230131	22.5
20230201	22.75
20230202	22.8
20230203	22.75
20230206	22.7
20230207	22.75
20230208	22.65
20230209	22.7
20230210	22.8
20230213	22.8
20230214	22.8
20230215	22.6
20230216	22.75
20230217	22.75
20230220	22.9
20230221	22.75
20230222	22.75
20230223	22.85
20230224	22.75
20230301	22.4
20230302	22.5
20230303	22.55
20230306	22.7
20230307	22.9
20230308	22.8
20230309	22.65
20230310	22.3
20230313	22.35
20230314	21.95
20230315	22.05
20230316	21.7
20230317	21.85
20230320	21.8
20230321	21.95
20230322	22.1
20230323	22.25
20230324	22.2
20230327	22.15
20230328	22.3
20230329	22.4
20230330	22.3
20230331	22.35
20230406	22.4
20230407	22.4
20230410	22.45
20230411	22.55
20230412	22.55
20230413	22.55
20230414	22.65
20230417	22.5
20230418	22.5
20230419	22.45
20230420	22.3
20230421	22.45
20230424	22.4
20230425	22.4
20230426	22.45
20230427	22.45
20230428	22.6
20230502	22.7
20230503	22.75
20230504	22.9
20230505	22.85
20230508	23
20230509	23
20230510	23
20230511	22.9
20230512	22.65
20230515	22.8
20230516	22.95
20230517	23.1
20230518	23.4
20230519	23.45
20230522	23.45
20230523	23.65
20230524	23.55
20230525	23.25
20230526	23.5
20230529	23.55
20230530	23.7
20230531	23.85
20230601	23.65
20230602	23.85
20230605	24
20230606	24.2
20230607	24.6
20230608	24.5
20230609	24.6
20230612	24.55
20230613	24.35
20230614	24.4
20230615	24.5
20230616	24.35
20230619	24.4
20230620	24.25
20230621	24.35
20230626	24.3
20230627	24.2
20230628	24.1
20230629	23.3
20230630	23.1
20230703	23.2
20230704	23.05
20230705	23.15
20230706	22.7
20230707	22.65
20230710	23
20230711	23.3
20230712	23.45
20230713	23.3
20230714	23.75
20230717	23.95
20230718	24.1
20230719	24.1
20230720	24.45
20230721	24.4
20230724	24.1
20230725	24.25
20230726	24.55
20230727	24.7
20230728	24.4
20230731	24.4
20230801	24.9
20230802	24.45
20230804	24.35
20230807	24.7
20230808	25.1
20230809	25.15
20230810	25.3
20230811	24.75
20230814	24.3
20230815	24.2
20230816	23.85
20230817	23.75
20230818	23.95
20230821	23.9
20230822	23.85
20230823	24.2
20230824	24.45
20230825	24.4
20230828	24.4
20230829	24.65
20230830	24.8
20230831	24.4
20230901	24.75
20230904	24.5
20230905	24.2
20230906	24.25
20230907	24.7
20230908	24.65
20230911	24.7
20230912	24.8
20230913	25
20230914	25.2
20230915	25.35
20230918	25.4
20230919	25.75
20230920	25.4
20230921	25
20230922	25.1
20230925	25.2
20230926	25
20230927	25.15
20230928	25.05
20231002	24.95
20231003	24.65
20231004	24.25
20231005	24.55
20231006	24.8
20231011	25.5
20231012	25.65
20231013	25.45
20231016	25.55
20231017	25.3
20231018	25.55
20231019	25.1
20231020	24.75
20231023	24.4
20231024	24.45
20231025	24.6
20231026	24.35
20231027	24.4
20231030	24.1
20231031	24.3
20231101	24.4
20231102	24.5
20231103	24.95
20231106	24.9
20231107	25.05
20231108	25
20231109	25
20231110	25
20231113	25
20231114	25.05
20231115	25.3
20231116	25.45
20231117	25.35
20231120	25.35
20231121	25.7
20231122	25.6
20231123	25.7
20231124	25.8
20231127	25.85
20231128	26.1
20231129	25.95
20231130	26
20231201	26.1
20231204	26.35
20231205	26.4
20231206	26.45
20231207	26.5
20231208	26.55
20231211	26.55
20231212	26.8
20231213	26.75
20231214	27
20231215	27
20231218	27.05
20231219	26.7
20231220	26.55
20231221	26.45
20231222	26.8
20231225	26.6
20231226	26.85
20231227	27.15
20231228	27.35
20231229	27.6
20240102	27.75
20240103	26.95
20240104	27.2
20240105	26.95
20240108	26.9
20240109	26.8
20240110	26.5
20240111	26.8
20240112	26.65
20240115	26.7
20240116	26.25
20240117	25.8
20240118	25.8
20240119	26.2
20240122	26.35
20240123	26.55
20240124	26.6
20240125	26.75
20240126	26.95
20240129	27.1
20240130	26.85
20240131	27.05
20240201	27.05
20240202	26.9
20240205	27
20240215	27
20240216	27.15
20240219	27.45
20240220	27.85
20240221	27.35
20240222	27.55
20240223	27.3
20240226	27.1
20240227	27.2
20240229	27.45
20240301	27.3
